3,2
3,1
3,3
10,149
10,259
10,11
10,267
10,253
10,153
10,1
10,83
10,2
10,3
11,25
11,29
11,13
11,23
11,1
11,19
11,2
11,3
9,5
9,1
9,7
9,2
9,3
8,18
8,9
8,6
8,1
8,16
8,2
8,3
12,2
12,1
12,3
20,2
20,1
20,3
275,5
275,4
275,3
19,2
275,2
19,1
275,1
19,3
275,0
272,5
272,4
272,3
272,2
272,1
272,0
269,4
269,3
269,2
269,1
269,0
267,4
267,3
267,2
267,1
267,0
265,3
265,2
265,1
265,0
264,3
18,1
264,2
264,1
18,3
264,0
263,5
263,4
14,1
263,3
14,3
263,2
13,1
263,1
13,3
263,0
262,4
262,1
262,3
262,2
259,5
259,4
259,3
259,2
259,1
259,0
2,2
0,536
0,519
2,1
0,507
2,3
0,0
276,34
276,33
276,32
276,31
276,30
276,29
276,28
